1 1 1
1 5 2
1 3 3
1 6 2
2 1 5
2 6 4
2 4 1
4 2 2
4 3 3
4 4 5
5 1 2
5 2 1
5 3 1
5 6 2
6 2 3
6 3 4
6 5 1
6 4 2
3 1 4
3 2 3
3 4 2
3 5 2
3 6 15
4 5 4
4 6 1
1 2 5
1 4 8
2 5 321
2 3 7
7 2 5
8 1 15
7 3 11
7 8 0
7 15 11
6 8 33
9 15 15
10 11 5
10 3 15
10 4 8
10 13 55
10 10 28
11 5 9
11 4 2
11 3 2
11 8 8
12 8 1
12 12 12
12 11 11
12 10 10
12 9 9
12 1 1
12 3 5
12 2 15
12 4 32
12 5 421
13 5 1
13 2 5
13 3 6
13 6 78
13 9 11
13 10 23
13 15 231
13 14 13
13 12 12
14 15 16
14 14 14
14 13 12
14 12 13
14 11 10
14 10 1
14 1 3
14 2 15
14 3 25

